0,550
171,8
171,7
171,6
171,5
178,5
178,4
178,3
178,2
178,1
178,0
177,4
177,3
177,2
177,1
177,0
176,3
176,2
176,1
176,0
175,4
175,3
175,2
175,1
175,0
0,549
174,5
174,4
174,3
174,2
174,1
174,0
0,548
173,4
173,3
173,2
173,1
173,0
172,3
172,2
172,1
172,0
0,547
171,4
171,3
171,2
171,1
171,0
170,3
170,2
170,1
170,0
169,4
169,3
169,2
169,1
169,0
168,4
168,3
168,2
168,1
168,0
167,4
167,3
167,2
167,1
167,0
166,3
166,2
166,1
166,0
0,546
0,545
0,544
165,5
165,4
165,3
165,2
165,1
165,0
164,4
164,3
164,2
164,1
164,0
163,3
163,2
163,1
163,0
162,4
162,3
162,2
162,1
162,0
161,5
161,4
161,3
161,2
161,1
161,0
160,4
160,3
160,2
160,1
160,0
159,3
159,2
159,1
159,0
0,543
158,5
158,4
158,3
158,2
158,1
158,0
157,4
157,3
157,2
157,1
157,0
156,3
156,2
156,1
156,0
155,4
155,3
155,2
155,1
155,0
154,5
154,4
154,3
154,2
154,1
154,0
153,4
153,3
153,2
153,1
153,0
152,3
152,2
152,1
152,0
151,5
151,4
151,3
151,2
151,1
151,0
0,542
0,541
150,4
150,3
150,2
150,1
150,0
149,3
149,2
149,1
149,0
148,4
148,3
148,2
148,1
148,0
147,5
147,4
147,3
147,2
147,1
147,0
0,540
0,539
146,4
146,3
146,2
146,1
146,0
145,3
145,2
145,1
145,0
144,5
144,4
144,3
144,2
144,1
144,0
143,4
143,3
143,2
143,1
143,0
142,3
142,2
142,1
142,0
141,4
141,3
141,2
141,1
141,0
140,5
140,4
140,3
140,2
0,538
140,1
140,0
139,4
139,3
139,2
139,1
139,0
138,3
138,2
138,1
138,0
130,9
130,8
130,7
130,6
130,5
137,5
137,4
137,3
137,2
137,1
137,0
136,4
136,3
136,2
136,1
136,0
135,3
135,2
135,1
135,0
134,5
134,4
134,3
134,2
134,1
134,0
0,537
133,5
133,4
133,3
133,2
133,1
133,0
132,4
132,3
132,2
132,1
132,0
0,536
131,3
131,2
131,1
131,0
130,4
130,3
130,2
